"Team","total_runs_allowed","exp_runs","runs_scored_diff","runs_surr_diff","W","final_runs_scored","final_runs_surr","exp_win_pct","exp_wins","win_diff"
"ARI",879.857279860394,689.173639138163,45,-48,52,734.173639138163,831.857279860394,0.4386501195014,71.1,19.1
"ATL",691.862800108001,769.001339528788,5.99999999999998,36,88,775.001339528788,727.862800108001,0.529605200409833,85.8,-2.2
"BAL",946.697820900196,682.135562540264,61,29,52,743.135562540264,975.697820900196,0.353940059426766,57.3,5.3
"BOS",767.166508110048,804.711290633113,-8.00000000000001,78,92,796.711290633113,845.166508110048,0.469567864385842,76.1,-15.9
"CHC",863.747027969456,689.021457471705,0,-95,71,689.021457471705,768.747027969456,0.449928624828511,72.9,1.90000000000001
"CHW",654.092838786983,773.334499930826,5,145,93,778.334499930826,799.092838786983,0.486962795420412,78.9,-14.1
"CIN",784.526583906938,774.516466500222,-42,-5,83,732.516466500222,779.526583906938,0.470475454602187,76.2,-6.8
"CLE",761.975400425983,683.331180187493,47,-5,80,730.331180187493,756.975400425983,0.483266187505666,78.3,-1.7
"COL",813.405301338324,720.109951504943,-58,32,74,662.109951504943,845.405301338324,0.384881974862064,62.4,-11.6
"DET",801.962404792174,690.160169165423,80,-2.99999999999999,77,770.160169165423,798.962404792174,0.481910853232648,78.1,1.09999999999999
"HOU",683.916844984725,844.890770559973,-51,59,95,793.890770559973,742.916844984725,0.532014001725001,86.2,-8.8
"KCR",801.618325586601,678.599687793796,55,34,74,733.599687793796,835.618325586601,0.43592753923847,70.6,-3.40000000000001
"LAA",782.17199503542,702.424820069524,125,28,77,827.424820069524,810.17199503542,0.510835578468203,82.8,5.8
"LAD",540.098268685058,797.485559498044,6.00000000000001,190,106,803.485559498044,730.098268685058,0.546090640031478,88.5,-17.5
"MIA",693.042906086092,628.546202457248,31,2.99999999999999,67,659.546202457248,696.042906086092,0.477078368602279,77.3,10.3
"MIL",608.038445089482,714.164830012667,-44,66,95,670.164830012667,674.038445089482,0.497567189139316,80.6,-14.4
"MIN",821.545435712513,747.09735297637,62,-9,73,809.09735297637,812.545435712513,0.497834443288071,80.6,7.59999999999999
"NYM",697.614522778228,664.467090800617,64,-20,77,728.467090800617,677.614522778228,0.531937783523976,86.2,9.2
"NYY",670.42897358888,747.032589520904,116,85,92,863.032589520904,755.42897358888,0.567580087411141,91.9,-0.0999999999999943
"OAK",713.088269796286,723.115094051009,-22,41,86,701.115094051009,754.088269796286,0.466730375960849,75.6,-10.4
"PHI",738.646205016016,732.22923480449,12,28,82,744.22923480449,766.646205016016,0.485921097601916,78.7,-3.3
"PIT",861.522377083576,654.064710045342,90,-53,61,744.064710045342,808.522377083576,0.45951758000852,74.4,13.4
"SDP",717.510903536642,737.396738869114,80,-10,79,817.396738869114,707.510903536642,0.569013427594348,92.2,13.2
"SEA",738.101789208098,672.093261098554,54,12,90,726.093261098554,750.101789208098,0.484921525041679,78.6,-11.4
"SFG",580.174589583561,815.133769648706,-126,93,107,689.133769648706,673.174589583561,0.510023109116463,82.6,-24.4
"STL",708.025535320435,705.611111771595,5,11,90,710.611111771595,719.025535320435,0.494715349721108,80.1,-9.90000000000001
"TBR",638.786336114338,784.281217260395,-1.00000000000001,52,100,783.281217260395,690.786336114338,0.55809109757875,90.4,-9.59999999999999
"TEX",836.002806930191,637.793414356391,108,-33,60,745.793414356391,803.002806930191,0.464069834295178,75.2,15.2
"TOR",714.802485248438,836.243967227435,-25,33,91,811.243967227435,747.802485248438,0.539844208398549,87.5,-3.5
"WSN",854.900216329478,767.754303855223,-13,-73,65,754.754303855223,781.900216329478,0.482951101392129,78.2,13.2
